cam0:
  cam_overlaps: [1]
  camera_model: pinhole
  distortion_coeffs: [-0.30985074204714164, 0.094934997317346, 3.982649654984981e-05, 0.00044156773483151505]
  distortion_model: radtan
  intrinsics: [496.83022163524873, 499.41346338573675, 325.02654861341205, 304.68513534512397]
  resolution: [640, 640]
  rostopic: /cam0/image_raw
cam1:
  T_cn_cnm1:
  - [0.9184554653946583, -0.019193222489619452, -0.39505844921623856, 0.5102370963043151]
  - [0.009694345175456073, 0.9996142457136595, -0.026026514133171957, -0.00562955734301317]
  - [0.3954055864024868, 0.020074361179600566, 0.9182872329859161, 0.09929206632596971]
  - [0.0, 0.0, 0.0, 1.0]
  cam_overlaps: [0]
  camera_model: pinhole
  distortion_coeffs: [-0.3103134183039186, 0.09095606802142354, -0.00014587966139778565, 1.6673554459116872e-05]
  distortion_model: radtan
  intrinsics: [497.34523030669726, 498.6252539240636, 336.6619041360677, 330.591363588999]
  resolution: [640, 640]
  rostopic: /cam1/image_raw
